010266
010085
010195
010244
010016
010214
010306
010042
010229
010061
010321
010045
010294
010064
010291
010136
010034
010052
010041
010170
010203
010240
010298
010289
010075
010222
010094
010219
010317
010218
010134
010078
010302
010088
010030
010271
010279
010023
010283
010150
010216
010241
010004
010138
010026
010071
010255
010040
010254
010077
010282
010257
010276
010067
010065
010072
010012
010183
010074
010080
010268
010022
010050
010005
010226
010165
010076
010281
010316
010296
010202
010210
010006
010176
010312
010073
010297
010273
010314
010079
010299
010207
010269
010284
010146
010223
010277
010201
010093
010035
010193
010200
010260
010265
010272
010315
010246
010263
010247
010163
010261
010060
010250
010191
010304
010070
010301
010233
010086
010286
010007
010028
010204
010220
010224
010253
010168
010068
010051
010278
010162
010238
010024
010141
010137
010155
010307
010287
010239
010083
010015
010056
010225
010091
010087
010152
010043
010164
010231
010274
010319
010046
010290
010066
010059
010267
010044
010196
010311
010262
010031
010199
010320
010192
010213
010288
010303
010166
010235
010310
010264
010293
010002
010089
010038
010292
010197
010110
010048
010033
010084
010215
010081
010021
010300
010237
010010
010090
010027
010003
010194
010309
010063
010242
010236
010243
010036
010039
010252
010100
010234
010142
010037
010019
010069
010245
010053
010126
010148
010313
010169
010275
010029
010228
010256
010104
010232
010092
010318
010285
010295
010308
010062
010305
010270
010032
010017
010157
010020
010280
